534
361
263
561
246
366
996
117
741
977
758
606
859
626
637
945
537
711
808
763
511
507
28
520
70
282
661
376
645
879
504
766
434
933
792
83
698
198
342
493
296
625
931
796
910
939
87
451
253
999
322
891
96
879
583
490
515
443
94
268
473
345
454
845
953
3
154
597
1021
25
328
726
549
497
724
912
379
17
602
816
873
921
705
342
414
546
191
581
818
603
735
790
102
606
738
788
151
645
689
177
432
849
989
846
586
169
475
990
443
988
165
380
608
926
931
395
454
110
646
311
604
864
296
525
881
781
110
156
878
577
99
488
46
0
364
236
764
489
488
48
778
571
889
399
170
165
679
730
441
921
959
987
719
612
316
204
420
7
809
197
992
680
591
296
488
424
860
704
476
826
286
562
541
962
613
563
662
450
133
471
578
357
628
723
807
603
48
156
917
308
557
423
780
683
937
690
219
267
473
684
807
440
207
967
238
961
845
721
19
933
945
37
960
699
1020
279
592
371
613
378
293
947
22
153
412
362
591
426
423
233
151
495
279
337
17
897
2
519
770
931
752
1005
857
8
103
370
81
825
602
808
314
333
868
984
921
826
595
191
802
821
750
799
164
491
481
475
686
42
690
838
135
878
731
164
21
768
182
668
300
781
437
947
286
754
337
572
785
879
941
787
818
662
826
1000
850
851
820
500
457
830
665
503
349
659
171
669
886
156
783
767
8
690
318
263
958
949
126
50
30
377
203
478
924
228
754
667
828
771
109
189
635
807
414
582
893
102
893
245
510
421
65
980
910
753
452
692
535
60
928
18
183
919
859
225
538
615
992
936
399
372
765
326
784
286
747
409
83
883
163
865
627
5
593
444
934
374
251
941
731
306
696
441
849
706
701
75
205
25
523
401
971
86
290
762
734
1010
81
302
902
218
900
673
554
44
486
595
384
621
518
402
921
551
115
886
351
342
336
931
458
382
945
91
111
98
51
113
724
964
815
214
1013
329
669
341
380
745
965
813
341
8
199
139
287
150
250
482
70
478
225
781
646
735
632
692
865
564
652
505
152
832
129
95
604
935
661
31
189
625
535
577
303
200
748
210
892
409
793
528
863
899
8
558
963
25
872
448
257
565
705
880
388
432
134
722
1001
686
326
441
739
665
625
83
346
445
647
700
924
579
329
827
889
846
143
534
190
225
848
105
43
868
947
902
229
917
549
894
449
648
616
141
279
262
445
749
730
25
897
838
156
26
228
702
586
322
81
890
207
27
599
619
961
820
233
380
83
720
287
1008
718
911
487
395
142
190
939
786
134
913
319
1000
457
821
995
993
337
966
613
653
543
698
808
12
78
481
229
772
354
682
1006
508
721
606
151
878
663
97
514
426
555
929
691
179
873
352
46
102
526
413
99
82
376
17
695
68
727
358
54
322
789
145
51
589
849
126
502
707
352
54
584
699
1022
343
466
1012
408
0
1017
262
518
851
134
267
493
504
15
785
55
94
135
952
840
879
494
806
179
77
129
483
711
90
103
949
168
955
507
955
724
582
268
361
605
799
101
874
681
472
101
956
842
657
751
922
168
719
529
998
798
684
471
58
49
163
167
497
824
139
441
122
499
192
955
895
677
197
347
203
913
580
549
619
854
578
603
378
898
978
890
578
928
25
59
70
313
25
53
317
676
944
384
141
14
791
544
938
964
484
755
799
625
230
728
73
241
565
1013
107
427
950
876
462
39
569
303
893
486
963
915
376
511
511
500
404
357
109
851
532
345
285
818
426
466
338
71
780
906
869
839
744
236
418
802
210
445
973
110
438
659
690
575
503
426
854
636
337
536
989
967
861
528
769
137
151
458
460
273
809
478
594
428
36
912
614
37
394
406
973
17
437
634
861
444
982
95
532
147
182
190
215
707
147
115
551
54
124
465
178
505
425
18
839
611
690
924
99
881
859
472
201
921
1000
277
139
136
684
625
262
662
338
972
105
744
39
791
57
1001
716
575
889
778
245
601
749
439
271
576
681
328
253
513
215
375
1003
280
814
600
945
651
691
809
346
483
620
721
241
121
450
349
946
684
934
344
407
991
853
118
312
170
746
672
16
518
617
380
846
905
295
605
16
67
813
654
526
163
248
667
150
186
997
202
791
689
240
698
533
343
45
1021
913
614
879
344
432
354
260
819
538
197
409
947
724
686
459
555
546
744
455
396
511
184
617
667
769
27
795
649
611
73
234
540
954
370
551
416
967
749
323
491
551
841
766
470
795
928
1017
193
447
197
609
83
330
983
478
167
173
491
645
791
878
500
753
252
63
981
404
380
763
480
943
134
899
628
251
710
741
72
751
809
954
587
758
981
950
359
705
