331
359
367
106
743
937
174
884
216
460
575
84
914
644
517
469
12
247
612
27
148
451
744
102
105
135
499
932
794
348
273
860
296
1008
975
174
840
365
86
134
462
385
192
757
143
267
389
1013
555
846
596
84
64
173
493
918
404
639
296
187
579
7
511
544
95
479
978
69
371
385
615
858
712
183
922
766
763
27
1016
645
452
840
1000
382
506
577
186
195
254
772
51
406
207
656
38
902
420
425
760
460
507
761
911
554
250
357
908
742
766
545
160
269
206
506
640
572
407
939
980
934
70
505
742
252
530
818
571
184
731
363
559
230
364
95
241
387
749
20
895
427
780
717
529
511
444
764
316
371
95
75
130
677
217
495
850
717
786
209
310
129
759
485
684
952
101
685
879
367
705
770
407
788
984
144
612
180
246
855
891
757
942
924
958
211
1022
785
815
898
212
61
58
198
544
284
966
53
433
609
448
550
126
243
268
274
601
817
520
582
811
703
480
554
653
282
762
971
456
92
865
222
519
935
291
835
737
29
54
714
990
25
655
186
978
442
335
155
895
166
766
582
932
883
630
677
252
162
139
114
189
1004
5
819
244
340
938
901
912
994
948
503
407
647
472
297
834
310
535
236
528
486
621
102
834
665
352
800
72
495
981
117
882
604
461
329
303
752
0
441
641
918
721
709
309
806
551
206
362
142
831
901
429
122
738
752
249
330
209
713
988
951
914
513
152
710
192
869
187
17
110
188
616
266
921
973
634
744
578
166
910
830
860
995
53
844
29
743
336
320
722
643
661
648
165
958
395
529
633
989
428
314
967
851
71
957
831
377
786
603
58
22
558
854
396
1022
16
180
830
837
385
443
686
368
298
953
1018
206
279
727
635
788
923
434
698
656
5
733
742
108
621
637
442
116
177
561
380
388
819
122
913
597
889
734
230
825
358
494
801
540
852
673
696
992
567
509
305
634
251
651
779
962
610
244
89
993
949
578
29
917
492
508
1
540
246
643
679
681
945
53
731
747
880
472
872
238
331
767
475
7
258
429
320
1007
219
653
823
59
48
68
959
849
255
169
156
235
371
846
6
832
8
363
948
279
226
864
991
497
101
524
994
264
398
983
988
78
85
206
918
168
216
797
763
187
324
555
69
517
425
817
702
434
94
755
192
784
103
55
431
161
691
878
520
343
196
573
552
753
336
840
204
685
912
400
898
582
540
834
792
436
765
668
54
90
271
523
823
137
65
363
213
601
337
59
117
412
246
698
654
959
1011
767
702
279
155
226
957
956
216
100
723
371
22
360
1003
957
313
762
41
9
104
300
621
1023
966
1017
172
60
992
146
975
834
478
163
451
91
355
805
555
128
66
561
423
712
576
617
728
507
380
387
249
833
398
213
731
696
109
530
426
554
194
545
85
592
894
385
114
1016
295
426
844
256
609
416
983
642
239
551
321
750
543
3
431
694
247
450
723
879
608
993
396
846
859
749
693
228
741
220
142
461
48
34
411
357
510
690
306
1004
26
77
432
738
390
35
164
90
804
386
591
200
935
545
856
423
743
135
704
3
648
587
187
477
232
812
200
797
533
769
708
424
399
874
460
516
855
203
252
375
416
242
122
195
537
701
662
991
793
848
864
50
474
753
326
60
441
921
467
835
496
704
19
911
908
597
310
629
656
443
973
61
515
443
872
83
540
749
948
454
105
960
910
228
514
911
76
29
378
712
27
393
130
59
597
630
497
552
740
800
137
715
909
849
22
1014
283
213
141
671
297
694
524
78
852
646
274
749
597
629
618
156
500
856
241
554
126
837
785
426
900
4
796
491
149
794
524
123
899
521
294
832
781
165
153
280
240
644
840
627
105
389
314
774
726
251
852
77
43
26
510
534
778
528
703
1020
101
194
274
748
500
828
2
784
777
551
717
620
573
9
694
358
534
391
683
448
717
677
950
461
647
521
282
702
242
673
822
584
618
590
778
315
97
676
125
775
848
456
443
801
209
360
104
695
973
369
503
124
763
548
157
554
327
298
816
852
100
162
677
350
415
848
439
848
379
323
976
496
579
851
175
1010
298
207
961
37
638
355
190
985
788
641
710
830
167
36
769
744
701
328
195
890
534
632
688
772
306
216
598
879
240
879
937
29
238
519
32
386
184
704
306
114
761
70
233
642
749
103
771
384
82
94
516
709
521
479
417
648
600
161
1006
631
947
986
599
290
322
95
247
260
681
573
510
899
332
371
218
891
199
493
389
882
739
617
262
599
194
888
324
823
161
719
600
132
995
395
468
939
133
87
495
771
862
88
539
687
13
227
627
289
332
279
613
121
199
343
756
796
14
684
481
158
854
69
51
223
127
806
