248
378
30
975
526
506
375
306
357
552
628
140
378
207
136
153
883
476
163
1005
954
482
527
424
314
280
817
137
40
488
27
415
342
585
190
255
844
283
688
765
559
729
331
799
352
854
700
961
11
457
745
393
920
219
194
215
724
926
301
589
578
897
615
909
998
491
316
681
691
521
48
135
793
108
321
734
337
10
990
171
797
364
65
468
959
490
981
192
799
235
70
352
380
64
89
963
697
965
213
109
169
970
976
104
848
1015
1000
173
661
354
671
111
180
140
243
312
702
784
783
993
449
761
825
19
590
164
791
371
614
221
778
546
273
584
901
43
174
487
596
385
176
701
509
223
47
473
11
597
297
512
125
741
534
95
786
888
879
727
917
115
703
875
742
245
933
510
212
3
383
787
799
427
398
497
268
603
531
112
708
235
675
799
742
109
251
50
772
23
749
372
459
95
392
877
366
139
134
353
495
247
790
241
188
649
617
637
251
453
199
359
510
86
351
985
900
150
349
315
931
453
785
375
3
895
676
301
246
900
42
683
570
689
578
652
693
547
287
505
656
36
85
2
178
484
628
855
868
53
101
430
652
238
659
432
516
516
198
429
640
10
311
489
552
208
135
236
869
319
932
860
646
158
876
59
434
523
851
882
476
289
1009
798
245
647
716
987
272
285
105
179
828
16
484
80
724
572
327
34
818
768
159
951
816
851
129
927
404
697
921
644
94
880
26
243
601
595
53
31
297
255
354
616
526
676
984
723
930
197
644
406
1000
261
395
164
680
192
460
803
506
918
929
547
196
546
807
454
836
210
502
663
879
854
511
599
60
566
96
558
971
88
387
593
905
542
628
939
99
694
37
46
234
868
141
887
177
79
484
1007
274
806
913
555
709
434
491
332
245
107
738
898
731
72
77
267
430
201
220
740
389
4
962
373
212
270
410
311
348
217
688
577
140
144
685
579
606
577
918
957
821
872
59
596
361
776
754
118
894
851
520
632
705
449
922
603
477
102
792
174
314
995
637
603
767
645
995
5
760
742
877
7
528
405
525
852
154
797
240
929
713
429
420
130
863
185
547
229
1014
292
720
279
538
758
517
799
964
410
391
261
207
110
920
389
641
56
893
527
576
440
130
64
45
209
314
735
700
264
149
421
776
561
487
247
1017
853
53
523
605
156
856
479
429
968
991
73
124
250
204
315
1019
90
374
388
411
448
264
570
536
989
319
750
15
903
300
856
373
89
875
46
601
174
609
297
472
446
315
476
798
241
4
118
501
201
20
850
589
480
212
208
601
215
2
355
590
664
738
503
475
604
792
122
385
566
968
980
978
810
796
814
685
460
609
495
755
937
650
178
342
622
338
583
490
451
433
415
600
824
751
186
471
608
707
668
472
82
590
462
584
444
731
248
1023
166
332
895
252
562
532
200
775
304
597
89
905
159
72
496
336
113
85
148
833
865
654
310
831
766
735
314
926
477
500
813
158
15
780
655
485
642
431
400
168
510
547
203
122
856
436
30
663
438
334
678
463
881
539
552
799
448
270
831
610
146
1002
418
39
450
128
392
73
215
767
217
84
27
37
630
464
903
496
283
543
127
438
643
733
1002
122
954
370
790
221
323
246
562
768
704
499
80
1001
754
948
778
626
425
999
801
424
729
784
32
246
736
372
60
617
56
554
778
386
264
692
262
915
411
180
566
343
941
612
46
495
143
8
573
72
646
643
626
583
382
399
965
105
168
337
922
509
32
374
187
595
106
71
403
822
0
565
333
528
203
856
75
927
227
628
491
296
300
909
81
470
501
342
105
969
69
404
263
419
845
703
537
219
240
931
735
909
319
650
149
295
637
321
164
522
515
346
119
675
56
393
939
558
600
894
590
650
419
503
667
679
143
386
519
391
220
587
91
748
908
327
732
333
196
956
812
713
749
19
580
928
260
64
211
211
440
669
784
964
425
769
600
642
15
376
298
349
678
439
524
107
827
315
678
161
199
598
515
554
427
286
755
752
574
330
454
827
365
991
713
960
341
995
527
123
699
123
667
512
797
416
234
109
1013
1001
302
64
801
970
165
111
779
999
657
453
901
259
717
536
920
737
245
129
224
1021
785
314
568
622
314
885
76
610
640
176
178
453
576
122
175
965
758
119
177
84
56
491
262
590
778
1008
477
378
849
268
315
739
646
1011
394
989
346
594
866
746
111
183
19
266
22
574
168
593
842
276
799
445
24
333
411
507
840
256
57
635
20
408
893
878
920
88
120
89
585
481
16
435
889
154
896
430
97
875
101
235
482
440
412
1000
333
668
803
765
768
965
553
291
164
707
127
517
69
630
731
872
971
183
865
26
264
424
621
608
382
