848
996
805
993
757
717
777
22
418
370
192
107
589
778
282
413
222
462
868
111
183
914
161
630
989
426
521
336
620
342
913
489
928
189
900
843
417
143
662
57
737
482
463
462
907
116
654
215
31
379
571
941
748
36
150
872
313
128
974
706
487
131
301
504
649
196
683
292
727
811
532
515
89
462
303
527
932
553
652
48
465
69
803
776
719
842
564
300
386
510
142
352
358
362
362
322
987
4
890
895
806
539
3
145
364
729
895
940
145
677
376
103
308
201
918
346
920
350
335
985
70
87
846
513
613
665
474
533
718
61
595
45
643
981
947
471
196
571
172
68
864
586
126
792
371
719
882
117
79
91
349
7
220
514
169
247
31
862
45
68
965
227
257
209
688
945
529
256
321
39
453
605
1014
236
791
593
356
839
644
788
766
851
89
343
500
315
846
116
838
194
146
719
402
75
422
602
748
976
532
433
985
735
534
809
545
914
732
466
938
689
754
93
573
1020
219
182
533
386
268
567
59
597
33
842
57
784
116
88
804
358
426
121
368
966
318
185
671
34
150
129
96
213
55
216
95
407
67
550
462
1020
163
376
98
462
954
611
453
674
261
927
898
754
871
622
407
707
62
132
556
534
615
277
450
984
765
497
937
465
183
849
106
578
866
29
668
910
648
300
726
226
298
52
911
931
380
160
994
853
316
172
74
81
396
461
996
270
899
243
508
708
361
467
919
224
421
325
905
576
496
883
60
907
973
907
414
783
508
202
738
110
503
444
632
728
860
517
478
270
830
47
152
686
486
225
529
36
1006
418
773
227
258
853
587
513
217
445
527
101
475
741
56
937
680
955
342
2
964
124
954
171
629
712
447
706
955
432
155
271
517
518
296
250
697
559
823
907
621
177
84
933
755
279
419
443
815
869
612
593
300
403
532
280
497
542
542
670
592
596
14
500
834
844
199
285
527
69
941
550
266
494
852
971
339
772
185
750
966
817
961
420
705
322
781
618
499
855
103
988
746
487
699
390
728
308
204
669
256
458
733
335
438
190
770
294
327
924
281
951
721
812
1023
717
509
870
309
172
939
569
49
378
978
833
741
65
23
532
547
224
622
800
282
337
13
930
320
922
706
680
475
181
849
539
712
723
615
999
598
784
449
627
655
167
788
272
2
664
834
866
443
551
709
530
769
420
644
585
177
681
126
381
417
333
243
921
73
0
965
83
532
336
69
219
322
405
95
289
1004
402
24
152
560
110
705
565
377
632
336
587
608
494
984
553
320
398
856
265
924
100
484
370
18
586
559
660
907
230
732
153
774
790
1
952
39
90
976
1
849
8
371
223
684
252
772
347
301
699
658
881
940
958
255
806
202
139
264
608
610
96
979
212
959
873
995
885
896
723
476
786
234
616
752
180
394
466
423
239
626
224
1005
886
523
801
1009
540
512
253
790
140
565
638
518
462
173
853
734
247
525
205
121
142
861
920
957
672
377
273
349
774
866
218
828
256
9
119
739
976
813
581
676
586
81
716
632
617
772
887
794
213
797
800
77
259
326
530
876
82
780
542
961
935
259
205
620
401
485
821
177
131
781
239
752
548
244
652
847
81
988
708
24
341
446
427
588
271
536
519
209
962
346
436
458
819
561
328
403
433
531
8
598
207
980
438
646
743
142
980
297
459
876
93
479
91
130
940
238
857
390
268
399
1000
967
427
844
950
554
824
49
565
475
935
448
924
16
673
547
848
913
394
873
992
991
688
457
14
688
266
506
150
455
84
984
370
398
115
13
876
905
548
646
611
886
567
684
104
379
829
251
556
728
78
438
942
547
493
174
839
342
836
644
880
333
283
126
221
364
863
53
624
329
289
202
693
64
484
161
565
982
827
992
398
374
543
405
158
366
1020
472
443
420
630
592
653
201
726
353
669
182
852
985
843
806
785
242
846
736
35
813
426
70
981
961
33
788
907
238
281
715
295
777
772
854
1014
770
749
649
372
733
36
8
681
398
84
566
10
987
699
334
197
732
436
326
883
807
760
635
484
80
178
743
22
15
225
139
410
240
588
916
190
340
467
275
956
1006
2
315
434
15
34
892
838
548
213
745
553
957
966
338
1021
744
600
318
833
1019
85
10
816
183
329
381
604
198
456
227
972
374
275
614
673
325
461
270
903
146
457
130
517
608
839
83
831
482
97
551
711
58
939
508
385
729
449
688
135
478
250
838
14
206
574
615
35
762
532
789
106
122
862
881
264
225
522
327
880
928
547
741
941
117
230
812
701
605
755
720
233
114
763
392
583
622
373
618
656
136
731
762
629
585
600
39
404
667
897
291
249
778
933
828
272
815
458
81
308
1005
496
